3.9809742
3.9631517
3.9630027
3.9629247
3.9628723
3.9628563
3.9628127
3.9627934
3.9626207
3.962539
3.9626143
3.9625332
3.962545
3.9625094
3.9625463
3.9625354
3.9625614
3.9625568
3.9625554
3.962561
3.9625266
3.9625292
3.9625168
3.9625018
3.962438
3.9624448
3.9623957
3.962418
3.962422
3.9623883
3.962408
3.9624128
3.9624255
3.9623895
3.9624062
3.96238
3.9624069
3.9624178
3.9623973
3.9623399
3.9623282
3.9623823
3.9623454
3.9623768
3.9623787
3.9623713
3.962356
3.962362
3.9623694
3.9623554
3.962349
3.962342
3.9623682
3.9623406
3.962351
3.9623275
3.9623103
3.962316
3.9623234
3.9623394
3.962337
3.9623458
3.9623368
3.9623103
3.9622834
3.9623332
3.9623241
3.962296
3.962311
3.9623141
3.9623516
3.9623058
3.9623153
3.9622982
3.9622872
3.9623377
3.9623196
3.9622717
3.9622946
3.9623296
3.9622962
3.9623027
3.9622595
3.9622538
3.9623086
3.9622493
3.9622843
3.9622915
3.9622798
3.9622457
3.9622664
3.9622478
3.9622858
3.9622946
3.9622557
3.9622538
3.962267
3.9622953
3.96225
3.9622486
